13 2 3 
17 1 4 
29 2 5 
37 1 6 
41 4 5 
53 2 7 
61 5 6 
73 3 8 
89 5 8 
97 4 9 
101 1 10 
109 3 10 
113 7 8 
137 4 11 
149 7 10 
157 6 11 
173 2 13 
181 9 10 
193 7 12 
197 1 14 
229 2 15 
233 8 13 
241 4 15 
257 1 16 
269 10 13 
277 9 14 
281 5 16 
293 2 17 
313 12 13 
317 11 14 
337 9 16 
349 5 18 
353 8 17 
373 7 18 
389 10 17 
397 6 19 
401 1 20 
409 3 20 
421 14 15 
433 12 17 
449 7 20 
457 4 21 
461 10 19 
509 5 22 
521 11 20 
541 10 21 
557 14 19 
569 13 20 
577 1 24 
593 8 23 
601 5 24 
613 17 18 
617 16 19 
641 4 25 
653 13 22 
661 6 25 
673 12 23 
677 1 26 
701 5 26 
709 15 22 
733 2 27 
757 9 26 
761 19 20 
769 12 25 
773 17 22 
797 11 26 
809 5 28 
821 14 25 
829 10 27 
853 18 23 
857 4 29 
877 6 29 
881 16 25 
929 20 23 
937 19 24 
941 10 29 
953 13 28 
977 4 31 
997 6 31 
1009 15 28 
1013 22 23 
1021 11 30 
1033 3 32 
1049 5 32 
1061 10 31 
1069 13 30 
1093 2 33 
1097 16 29 
1109 22 25 
1117 21 26 
1129 20 27 
1153 8 33 
1181 5 34 
1193 13 32 
1201 24 25 
1213 22 27 
1217 16 31 
1229 2 35 
1237 9 34 
1249 15 32 
1277 11 34 
1289 8 35 
1297 1 36 
1301 25 26 
1321 5 36 
1361 20 31 
1373 2 37 
1381 15 34 
1409 25 28 
1429 23 30 
1433 8 37 
1453 3 38 
1481 16 35 
1489 20 33 
1493 7 38 
1549 18 35 
1553 23 32 
1597 21 34 
1601 1 40 
1609 3 40 
1613 13 38 
1621 10 39 
1637 26 31 
1657 19 36 
1669 15 38 
1693 18 37 
1697 4 41 
1709 22 35 
1721 11 40 
1733 17 38 
1741 29 30 
1753 27 32 
1777 16 39 
1789 5 42 
1801 24 35 
1861 30 31 
1873 28 33 
1877 14 41 
1889 17 40 
1901 26 35 
1913 8 43 
1933 13 42 
1949 10 43 
1973 23 38 
1993 12 43 
1997 29 34 
2017 9 44 
2029 2 45 
2053 17 42 
2069 25 38 
2081 20 41 
2089 8 45 
2113 32 33 
2129 23 40 
2137 29 36 
2141 5 46 
2153 28 37 
2161 15 44 
2213 2 47 
2221 14 45 
2237 11 46 
2269 30 37 
2273 8 47 
2281 16 45 
2293 23 42 
2297 19 44 
2309 10 47 
2333 22 43 
2341 15 46 
2357 26 41 
2377 21 44 
2381 34 35 
2389 25 42 
2393 32 37 
2417 4 49 
2437 6 49 
2441 29 40 
2473 13 48 
2477 19 46 
2521 35 36 
2549 7 50 
2557 21 46 
2593 17 48 
2609 20 47 
2617 4 51 
2621 11 50 
2633 28 43 
2657 16 49 
2677 34 39 
2689 33 40 
2693 22 47 
2713 3 52 
2729 5 52 
2741 25 46 
2749 30 43 
2753 7 52 
2777 29 44 
2789 17 50 
2797 14 51 
2801 20 49 
2833 23 48 
2837 34 41 
2857 16 51 
2861 19 50 
2897 31 44 
2909 10 53 
2917 1 54 
2953 12 53 
2957 29 46 
2969 37 40 
3001 20 51 
3037 11 54 
3041 4 55 
3049 32 45 
3061 6 55 
3089 8 55 
3109 30 47 
3121 39 40 
3137 1 56 
3169 12 55 
3181 34 45 
3209 20 53 
3217 9 56 
3221 14 55 
3229 27 50 
3253 2 57 
3257 11 56 
3301 30 49 
3313 8 57 
3329 25 52 
3361 15 56 
3373 3 58 
3389 5 58 
3413 7 58 
3433 27 52 
3449 40 43 
3457 39 44 
3461 31 50 
3469 38 45 
3517 6 59 
3529 35 48 
3533 13 58 
3541 25 54 
3557 34 49 
3581 10 59 
3593 28 53 
3613 42 43 
3617 41 44 
3637 39 46 
3673 37 48 
3677 14 59 
3697 36 49 
3701 26 55 
3709 30 53 
3733 22 57 
3761 25 56 
3769 13 60 
3793 33 52 
3797 41 46 
3821 10 61 
3833 32 53 
3853 3 62 
3877 31 54 
3881 20 59 
3889 17 60 
3917 14 61 
3929 35 52 
3989 25 58 
4001 40 49 
4013 13 62 
4021 39 50 
4049 32 55 
4057 24 59 
4073 37 52 
4093 27 58 
4129 23 60 
4133 17 62 
4153 43 48 
4157 26 59 
4177 9 64 
4201 40 51 
4217 11 64 
4229 2 65 
4241 4 65 
4253 38 53 
4261 6 65 
4273 32 57 
4289 8 65 
4297 24 61 
4337 44 49 
4349 43 50 
4357 1 66 
4373 23 62 
4397 26 61 
4409 40 53 
4421 14 65 
4441 29 60 
4457 19 64 
4481 16 65 
4493 2 67 
4513 47 48 
4517 46 49 
4549 18 65 
4561 31 60 
4597 41 54 
4621 30 61 
4637 34 59 
4649 5 68 
4657 39 56 
4673 7 68 
4721 25 64 
4729 45 52 
4733 37 58 
4789 42 55 
4793 13 68 
4801 24 65 
4813 18 67 
4817 41 56 
4861 10 69 
4877 34 61 
4889 20 67 
4909 3 70 
4933 33 62 
4937 29 64 
4957 14 69 
4969 37 60 
4973 22 67 
4993 32 63 
